25
27
11214
208
324
369
472
545
558
581
596
602
604
613
274
673
672
675
25855
868
8030
890
898
3732
993
999
1019
1021
1026
1028
1029
1030
1031
1087
1285
1398
1399
1435
1457
1499
2017
2919
2920
2921
1588
1630
1656
10395
1755
1869
1956
1964
5610
1977
2002
8178
2012
2041
2057
2064
2065
2066
2114
2117
2120
2130
2170
2196
26271
2242
2248
2249
2250
2251
2253
2268
2272
2321
8061
2355
2534
2695
2735
2736
2737
2778
2925
2944
2952
3090
3218
3482
3558
3560
3562
11009
54556
3725
3932
4004
4005
4049
4097
4142
4149
4163
4168
4193
4221
10461
4233
9258
4292
4297
4342
4352
4436
4601
4610
4681
4690
4771
4855
4856
4914
5089
5155
5157
5320
5371
7799
112464
5618
5727
5728
5820
4218
5894
5898
5899
5925
9821
5970
5979
387
388
389
6098
6464
6497
6498
6502
4087
4089
6598
6714
6764
7704
7525
7490
7472
7480
7474
7473
7471
7428
7375
7124
7249
7067
7015
7066
7048
7046
6886
7161
7414
4071
3195
7248
7251
7409
7410
23047
3646
2290
152002
